1.107080525849253405e+01
1.093783902808072028e+01
1.092037661507649027e+01
1.076811413639787673e+01
9.333856867633864240e+00
7.273613012069668926e+00
4.086169978187494500e+00
1.986534393889563210e+00
1.108908333563793924e+00
7.099135002333492039e-01
5.759454205235552404e-01
5.166635243023330881e-01
4.501579079123800287e-01
3.900635900463825245e-01
3.097820637447618042e-01
2.614622274185158801e-01
2.223338597420450313e-01
1.663540250630597406e-01
1.102378014314191329e-01
7.468160849255464639e-02
6.408472230739051256e-02
5.115562461507526526e-02
3.746132146758206216e-02
2.849501226126002415e-02
2.442989572084654573e-02
2.073544482934913669e-02
1.951721116782759169e-02
1.832301432792863768e-02
1.785355402703919445e-02
1.714523069801807478e-02
1.661301051734051862e-02
1.598066307971060529e-02
1.537179398519264960e-02
1.447153554993113080e-02
1.294404146324150580e-02
1.052680798193557539e-02
9.064359928751828180e-03
7.412740139817247317e-03
5.935299300704110700e-03
4.782528044343497924e-03
4.331800857845166663e-03
3.598321163780224870e-03
2.636437781828727782e-03
2.274019294336764984e-03
1.785806354564182510e-03
1.546420149005362041e-03
1.243100851384251098e-03
1.139725205814602410e-03
9.982453238160577703e-04
8.134397397416405582e-04
7.539313695421518725e-04
6.645207712731414232e-04
5.593254174678220867e-04
5.024819328472234468e-04
4.409995582248530852e-04
4.110232980733862841e-04
3.695077369737440596e-04
3.153552535129874770e-04
2.492884644667402042e-04
2.248042519201701064e-04
1.912114562163643784e-04
1.619998992366179400e-04
1.376288544077781885e-04
1.316320371524959127e-04
1.216413147729044340e-04
1.075586543677095028e-04
9.213961346121651093e-05
8.040086459794707245e-05
7.112650253148153899e-05
6.276984280304143550e-05
5.894742854009036627e-05
5.421113579267639255e-05
4.784520288020737149e-05
4.061276063884423850e-05
3.671650345093699835e-05
3.397760757035416554e-05
3.249406233937132671e-05
3.099006232766891145e-05
2.899593868098596688e-05
2.687155980868426565e-05
2.453528736358184510e-05
2.244225577108688611e-05
2.025111882482520624e-05
1.822262996296558440e-05
1.680007815133307319e-05
1.594157688395615120e-05
1.515675924677578822e-05
1.406884245479041550e-05
1.265283139358146870e-05
1.118899405647359177e-05
1.026836109961518419e-05
9.123482064286360800e-06
8.407973560464227866e-06
7.909458736705160501e-06
7.297785274723325881e-06
6.780112854933788535e-06
6.329413407000782606e-06
6.102938331644906184e-06
5.880460929007135304e-06
5.658284639007111233e-06
5.375945538267329819e-06
5.198471635201939421e-06
5.042678485762868158e-06
4.896919016079953156e-06
4.753930565457503821e-06
4.606336955751301877e-06
4.479284277441630348e-06
4.369775839778509032e-06
4.299785850483318718e-06
4.261186917075028315e-06
4.226121506852645338e-06
4.170395587812848498e-06
4.085203304124363489e-06
3.987538905988798664e-06
3.925590787262547058e-06
3.887298241634226831e-06
3.834568394736048770e-06
3.750631418784798019e-06
3.627199252137741548e-06
3.523304593272100271e-06
3.454625875107883917e-06
3.397040117722316224e-06
3.351275802512304685e-06
3.328992162172261475e-06
3.292827600537215197e-06
3.237604636333225741e-06
3.171721507541778197e-06
3.124383470152859871e-06
3.092959058656897980e-06
3.056849901642464502e-06
3.018810451681064159e-06
2.970194947716358575e-06
2.908937710668233191e-06
2.828457272707739770e-06
2.758769735782911036e-06
2.676847508748739331e-06
2.607783386878535714e-06
2.550548122741372624e-06
2.504094750216245073e-06
2.450980699110741394e-06
2.410211383416729749e-06
2.379839539251200355e-06
2.344910396617216185e-06
2.298383738974867555e-06
2.247105306509813913e-06
2.195906953190003187e-06
2.154186935059043908e-06
2.114653510224506480e-06
2.088334804697890796e-06
2.062616082687731095e-06
2.038626289133996612e-06
2.014614261070278440e-06
1.979767663578979410e-06
1.933232337421024782e-06
1.907448715332041092e-06
1.869184993066655265e-06
1.816199701941405280e-06
1.771248489486631340e-06
1.742194128967322747e-06
1.710529094053926830e-06
1.678017121012622722e-06
1.630289853213408275e-06
1.564135234202680054e-06
1.519692229240427454e-06
1.487130827813300745e-06
1.460240004288364392e-06
1.441646875298223984e-06
1.426811278081751471e-06
1.412074216474686010e-06
1.392255801137434341e-06
1.360464955554223791e-06
1.315012296502869523e-06
1.281007898611470285e-06
1.236967669490077282e-06
1.177739319644112415e-06
1.089222800232037901e-06
1.006239449563532346e-06
9.945182283643897807e-07
9.784491329139531604e-07
9.659539052858669705e-07
9.597494937666676939e-07
9.537783278874858917e-07
9.471670578293677000e-07
9.377754609755166941e-07
9.270275028918247919e-07
9.157042602013882990e-07
9.038550697916939570e-07
8.892123289638559768e-07
8.668517273434861815e-07
8.327288315545551844e-07
7.948129188239681923e-07
7.805014863358079836e-07
7.660190705107771603e-07
7.550469454545339833e-07
7.391865299028386531e-07
7.150452894418661695e-07
6.876545838529179156e-07
6.660339637928627733e-07
6.457125686446928443e-07
6.383749142406170228e-07
6.352911010760393023e-07
6.326751775014060758e-07
6.292185473611667909e-07
6.259230648352115766e-07
6.219246702151706673e-07
6.167084135532626330e-07
6.107170644794681837e-07
6.036316204673809877e-07
5.930165417709260293e-07
5.775725327205299293e-07
5.648253313119607124e-07
5.548209825704492174e-07
5.430232248799079867e-07
5.317991335238249366e-07
5.204824250391414137e-07
5.106561323638680355e-07
5.022745151878814669e-07
5.000993266115385990e-07
4.965107109250564592e-07
4.915645349400255960e-07
4.886045382464106906e-07
4.866821529084049168e-07
4.848015979909418031e-07
4.838479255606230748e-07
4.830627042429140152e-07
4.818207722309050498e-07
4.798543888536404209e-07
4.769282354441376756e-07
4.734381013964432126e-07
4.690457584119282149e-07
4.630243427868151522e-07
4.568214803728556504e-07
4.514373461568511579e-07
4.481349301334293612e-07
4.461348506197189002e-07
4.438578224917311001e-07
4.405063569146398696e-07
4.359631505966806989e-07
4.298241110492075886e-07
4.267319648846536916e-07
4.221718394794110413e-07
4.184251064594484619e-07
4.162577069412818663e-07
4.136096276498519153e-07
4.119586357500210620e-07
4.098701838625808513e-07
4.070904801687668895e-07
4.033495582105592154e-07
3.971004561972859795e-07
3.880805515556043848e-07
3.780102263248211548e-07
3.716957940190949970e-07
3.648045041580496948e-07
3.536417185017075348e-07
3.394842840394270500e-07
3.311654571855851350e-07
3.226254177589750540e-07
3.204155477441264908e-07
3.179966032640381967e-07
3.153208700788041602e-07
3.124710829587088934e-07
3.103968201145219040e-07
3.087329187493122743e-07
3.078158938382846228e-07
3.066140645747853240e-07
3.049183412108291713e-07
3.027107734904816679e-07
3.001962686078692932e-07
2.976494793169738483e-07
2.937904445975485064e-07
2.881653843738726169e-07
2.812120799029499720e-07
2.744370804271580900e-07
2.690059155224394956e-07
2.643815334520327821e-07
2.588047209432126753e-07
2.513360470098762783e-07
2.439938185803231130e-07
2.370066571365802238e-07
2.303507250277901493e-07
2.267115713917469455e-07
2.253917599425215226e-07
2.250375059702538849e-07
2.247735936104519376e-07
2.246215979666041202e-07
2.243740505270561043e-07
2.239742101832470136e-07
2.233277648440810016e-07
2.222626623269592452e-07
2.204866081938826802e-07
2.175802315626802655e-07
2.132873380344141326e-07
2.096606986113796763e-07
2.064306798059270514e-07
2.033646538190390445e-07
2.008668736671984662e-07
2.001840442692532866e-07
1.990526308560241063e-07
1.975030273305188838e-07
1.967233786430587071e-07
1.959602794368666877e-07
1.951499812403992607e-07
1.942479871256419977e-07
1.929128345023003399e-07
1.916395130922259476e-07
1.911948063799892208e-07
1.904832151200507586e-07
1.893453426344555524e-07
1.877505623189774383e-07
1.868318029671599918e-07
1.854963794033096893e-07
1.841676421499190184e-07
1.827249094218946214e-07
1.818695701030672091e-07
1.809772416190180775e-07
1.800290227424055357e-07
1.792789893964182088e-07
1.781732107030876760e-07
1.764660499015116505e-07
1.739413392056560736e-07
1.708539640797022047e-07
1.682547753517034830e-07
1.654217346582262313e-07
1.627271177209930413e-07
1.600267875714385513e-07
1.582278017539602774e-07
1.574135451204402498e-07
1.570717240001917172e-07
1.568153304304815967e-07
1.565279831375670461e-07
1.562925714252122742e-07
1.559777800014654380e-07
1.556017171606259002e-07
1.551409275582442629e-07
1.545290517450188335e-07
1.535956353800830532e-07
1.522197613822599893e-07
1.507389983059485157e-07
1.493882067074795776e-07
1.481026965192939517e-07
1.467253577764102352e-07
1.459489004238426740e-07
1.447458708242370898e-07
1.430950043486957371e-07
1.417589214607223399e-07
1.402196469168578508e-07
1.387147173896655306e-07
1.372684092163767204e-07
1.361673521163085663e-07
1.354647396820876094e-07
1.349002342125512437e-07
1.346064324028292422e-07
1.343128550806503180e-07
1.341074953734466025e-07
1.339413588807570840e-07
1.337928756416370749e-07
1.336447507306617075e-07
1.334924689905600783e-07
1.333766317852980381e-07
1.333080248695355680e-07
1.332588011823597698e-07
1.331860456044672653e-07
1.330721329459227645e-07
1.328944995549425646e-07
1.326137273523372919e-07
1.321485302725663252e-07
1.313471344058346885e-07
1.299521945062101432e-07
1.275887128560394810e-07
1.239861270465450892e-07
1.195773144818098503e-07
1.156651691832162983e-07
1.115827275263913280e-07
1.093260766229733239e-07
1.087002046593683900e-07
1.078764601857732582e-07
1.073819765854333270e-07
1.069692933456310271e-07
1.066536255823705409e-07
1.062014223226987292e-07
1.057853979779677517e-07
1.053049059221764843e-07
1.049970236302345215e-07
1.046734856841353951e-07
1.043493031194067019e-07
1.041361794709796879e-07
1.039856805562552511e-07
1.038780755639836592e-07
1.037657578164380472e-07
1.036934101123497677e-07
1.036287752565475379e-07
1.035845040168589184e-07
1.035203990011516154e-07
1.034226480724927649e-07
1.033071138659469675e-07
1.031350596783609528e-07
1.028644395644745531e-07
1.024613070163043605e-07
1.020973722103472292e-07
1.018577048872656585e-07
1.015909853430525372e-07
1.011453569235285368e-07
1.004550145179589992e-07
1.000050236749489712e-07
9.933410362812277224e-08
9.842543626925188479e-08
9.704457465950855763e-08
9.526263116984465994e-08
9.426904882224889294e-08
9.302913744897407475e-08
9.121358183124577595e-08
8.866607382878547010e-08
8.730545895438156890e-08
8.616731712507183122e-08
8.572754877478581459e-08
8.506005455381280501e-08
8.422702590123739311e-08
8.399646510779805752e-08
8.362690571352887944e-08
8.311567671216701528e-08
8.290386319923712290e-08
8.266248984928522408e-08
8.241491993376534692e-08
8.213399414910365064e-08
8.187429712904384279e-08
8.169385710415241618e-08
8.143243902105182784e-08
8.118726478256098396e-08
8.105707637152336147e-08
8.095187013030363186e-08
8.085461771104043651e-08
8.077119127842399846e-08
8.064154851424684775e-08
8.045480629595521676e-08
8.025723052949856193e-08
7.996023606869873138e-08
7.956137234600286701e-08
7.909768480827207419e-08
7.861217773283191173e-08
7.820034106247077589e-08
7.795352890836797230e-08
7.779581482544406684e-08
7.761526573217827626e-08
7.735150699377164935e-08
7.693960742493497906e-08
7.635163470132670049e-08
7.578588337322761162e-08
7.522075623286727461e-08
7.451696931705459477e-08
7.403945020096551170e-08
7.328406323469199783e-08
7.243811697452555436e-08
7.223791785665688737e-08
7.193634549258806370e-08
7.159139577571702065e-08
7.131123599866770144e-08
7.103389022303842340e-08
7.090107402070934461e-08
7.079290112154450529e-08
7.072865086666959149e-08
7.063456764001810932e-08
7.055447836727791748e-08
7.047246274785238281e-08
7.037193886907535498e-08
7.028363888597203749e-08
7.015774464818223169e-08
6.994671776622063408e-08
6.958081141210391777e-08
6.897214675910606088e-08
6.807602106015570121e-08
6.719954421305163605e-08
6.592737176095858525e-08
6.470157059478807861e-08
6.302681772153692669e-08
6.105159975396643061e-08
5.858904469292828282e-08
5.683005237212015224e-08
5.621575124871981844e-08
5.542961519477742361e-08
5.467694158107230277e-08
5.397590277013573107e-08
5.320218268630605726e-08
5.276061036768286739e-08
5.242340328074580638e-08
5.193235225853789892e-08
5.143082657428728926e-08
5.118187714050910604e-08
5.082424300019002032e-08
5.049786767679383748e-08
5.021267437077276070e-08
4.996275457611099742e-08
4.982734746750327329e-08
4.978226435605020025e-08
4.971123634215266258e-08
4.960549397864897133e-08
4.949088024461953287e-08
4.940499327296207060e-08
4.930396666268695156e-08
4.924551955651998773e-08
4.918446284319756281e-08
4.908856922103646561e-08
4.895078967231707088e-08
4.882732514712523436e-08
4.873939288569402220e-08
4.866724743861719598e-08
4.862922392649552986e-08
4.857373136625522561e-08
4.849228912280733443e-08
4.838230906429065960e-08
4.827796668983122874e-08
4.818413894812374956e-08
4.808999128460569370e-08
4.804348433831087271e-08
4.796900583573531697e-08
4.785030785556890548e-08
4.771946556808059061e-08
4.770067270046224640e-08
4.766487531355490144e-08
4.759976114001481351e-08
4.750933908716994498e-08
4.744504413299325827e-08
4.739981253839008325e-08
4.734266848008670311e-08
4.727442974329227413e-08
4.723235735438248522e-08
4.719936186565619472e-08
4.718561872303877903e-08
4.716308663789843915e-08
4.712799059830871065e-08
4.708426331792543352e-08
4.704663267680039431e-08
4.699714053829312938e-08
4.695335209624506163e-08
4.690843934592135685e-08
4.684927591003062878e-08
4.679687155292542682e-08
4.675004237011258673e-08
4.670829683179025070e-08
4.666417461962746026e-08
4.660291689677441793e-08
4.651099198137555484e-08
4.638242230019802568e-08
4.624976144971090181e-08
4.613669243685222576e-08
4.602674918982577634e-08
4.594474834973149104e-08
4.586383074133054607e-08
4.581288686139976894e-08
4.575182818531239558e-08
4.567404576701252746e-08
4.555168717989971236e-08
4.536711335833904012e-08
4.514772902227764611e-08
4.489894985311949856e-08
4.474151994041725113e-08
4.449219519430365875e-08
4.409433322324577168e-08
4.353241478579639122e-08
4.275114877209912969e-08
4.221548883840261578e-08
4.136969158774866120e-08
4.033470443889412035e-08
3.934109367474040528e-08
3.886360335948015975e-08
3.829953731079557909e-08
3.747570070451262072e-08
3.640327185731438751e-08
3.591019505340366169e-08
3.508944184260216658e-08
3.404589227715187157e-08
3.340864071515103834e-08
3.258756816532908036e-08
3.210813024131380422e-08
3.170981137802128850e-08
3.144880190449250455e-08
3.106458339323080728e-08
3.062067407583415369e-08
3.021237444057074045e-08
2.991860089711839881e-08
2.983910205172290173e-08
2.971340972943592952e-08
2.968267257097974136e-08
2.963107923355212767e-08
2.955066924207468560e-08
2.945933500375398736e-08
2.939668764257258214e-08
2.929852720890989458e-08
2.920035670409712778e-08
2.916214098652939544e-08
2.912128416650532397e-08
2.909251575697126463e-08
2.907705562573972398e-08
2.906264722262083239e-08
2.904443640092332086e-08
2.902690496495000026e-08
2.901144162643233412e-08
2.899842112626498248e-08
2.898319663200822893e-08
2.896394402563231796e-08
2.894388329916008262e-08
2.892059313696611496e-08
2.889948584647742135e-08
2.888540377700839899e-08
2.887604835339215320e-08
2.886581812178626820e-08
2.885115471640411924e-08
2.882980628245094661e-08
2.879811109196806123e-08
2.875582342844445113e-08
2.871180208209196398e-08
2.866143193128643383e-08
2.859742261192209159e-08
2.850733540725345363e-08
2.839678377398228123e-08
2.828485039804379076e-08
2.820809209192124934e-08
2.815954804272109621e-08
2.812373111223922529e-08
2.808860948028449472e-08
2.805682334097061569e-08
2.800440171574445105e-08
2.791740810462815874e-08
2.778005490901952503e-08
2.759667675631055187e-08
2.743494546566637776e-08
2.727374583388895271e-08
2.717538052324973489e-08
2.707467936952395270e-08
2.691697802910731284e-08
2.675215246752725248e-08
2.666151763982010663e-08
2.655293987117798539e-08
2.645600923431047747e-08
2.640196113813547100e-08
2.634985548356669357e-08
2.626067556544214286e-08
2.610969599549715556e-08
2.587030859225420644e-08
2.555040214585909296e-08
2.531036956347491528e-08
2.509896664720560397e-08
2.503572655293731306e-08
2.494352121900030008e-08
2.487969711373008925e-08
2.483190778490854368e-08
2.478035011071048509e-08
2.472235905632731702e-08
2.467676725999880966e-08
2.464487605921579227e-08
2.461075813220231840e-08
2.459070182623972665e-08
2.456946742940642954e-08
2.454217116597059756e-08
2.449973745713736517e-08
2.443287971587236595e-08
2.433024645595644500e-08
2.418581318767935884e-08
2.401834582785844524e-08
2.385620729780028877e-08
2.363915768235446382e-08
2.333972278377073643e-08
2.293878907890196942e-08
2.259748501804375677e-08
2.217286894903085849e-08
2.188939627277132910e-08
2.160844875239435099e-08
2.127676715885899543e-08
2.088919766049878837e-08
2.043178837495262625e-08
2.007599290671762305e-08
1.966239580342703715e-08
1.940799999875256943e-08
1.907266415474160054e-08
1.872892863202124567e-08
1.845748086150199243e-08
1.821347784855456143e-08
1.795430691378443888e-08
1.779053949711173419e-08
1.759354138693138804e-08
1.740143634285697520e-08
1.730884538224392629e-08
1.715744486326188210e-08
1.693925497013084779e-08
1.676004452800893622e-08
1.656970302927195329e-08
1.652247210043570970e-08
1.644332231390134482e-08
1.631567908681355380e-08
1.615620540594915097e-08
1.597395776464390287e-08
1.585714335110097361e-08
1.569759320220269135e-08
1.562893067814620248e-08
1.552605879283155859e-08
1.539157620890189311e-08
1.526290980999449921e-08
1.508208174712031735e-08
1.498380707576623858e-08
1.491852380956979795e-08
1.482431020466425033e-08
1.472676732137532183e-08
1.468773525478735383e-08
1.463843611252852735e-08
1.458587504631664390e-08
1.456209745445527130e-08
1.453253765138855586e-08
1.450627980397970077e-08
1.448095298802986672e-08
1.444084160513442508e-08
1.437402500571029236e-08
1.426996618215526296e-08
1.420180027687337631e-08
1.410038896424393891e-08
1.398585798578962904e-08
1.389085202040655820e-08
1.385312229849709486e-08
1.381436189186525774e-08
1.378277058546542225e-08
1.376123406860047222e-08
1.372975110294211891e-08
1.369666655789787639e-08
1.367571095263930587e-08
1.365579890608505863e-08
1.363821043319718030e-08
1.362302155762222455e-08
1.360163150328682033e-08
1.358056452306689534e-08
1.355552328875664778e-08
1.353998899680690808e-08
1.353176783636611594e-08
1.352379682672413990e-08
1.351658506915587058e-08
1.350716381720009824e-08
1.349687294944435637e-08
1.348746624830557594e-08
1.347991428723035934e-08
1.347056623473595694e-08
1.345797446620325698e-08
1.344423187400764485e-08
1.342925198321542998e-08
1.340842492528334102e-08
1.338003500978340849e-08
1.334594426612754086e-08
1.331759532507707768e-08
1.329262348977783871e-08
1.327100797723724628e-08
1.324316299478772871e-08
1.321635075998310798e-08
1.317464646479286908e-08
1.310993205975919129e-08
1.304927894466918524e-08
1.298523610798446439e-08
1.291256909637399705e-08
1.282450591939702506e-08
1.271761308847601506e-08
1.260224909866215872e-08
1.245615858995142160e-08
1.231365219965381855e-08
1.224212878561307697e-08
1.213919422679923347e-08
1.208241594112921387e-08
1.207278149449612696e-08
1.205479121924646033e-08
1.202284874385925941e-08
1.197502408957333785e-08
1.194670339740432622e-08
1.193035949145156357e-08
1.190396649843423097e-08
1.186589543863468473e-08
1.183806107032219509e-08
1.181165443180506726e-08
1.177148019002968026e-08
1.171404125288308239e-08
1.167450406358442346e-08
1.166446527105361569e-08
1.165158288306853775e-08
1.164020517849632782e-08
1.163270011707881733e-08
1.162451369284859714e-08
1.161681231368620330e-08
1.160951081515958917e-08
1.160075945872311690e-08
1.158821269386940970e-08
1.157196773528417546e-08
1.155573332003076623e-08
1.153691030357493948e-08
1.152154519354729919e-08
1.150671352418902897e-08
1.149164341840418472e-08
1.147612557617083403e-08
1.146082450817933511e-08
1.144600655569505579e-08
1.142701584840067071e-08
1.140198967897052126e-08
1.138043875045934173e-08
1.136296607360995534e-08
1.134302558238686070e-08
1.131164832198954047e-08
1.126335099801478379e-08
1.120448104400294313e-08
1.116814744148485322e-08
1.115459973818997208e-08
1.115078116548915776e-08
1.114790068505989200e-08
1.114372781688361457e-08
1.113915162439936476e-08
1.113467656971176238e-08
1.112744954150625422e-08
1.111496416142176276e-08
1.109296676654879930e-08
1.105513824818735508e-08
1.099805982884163016e-08
1.094038791676939973e-08
1.089081897359623264e-08
1.087051050657976649e-08
1.086269864045593396e-08
1.085949738513537536e-08
1.085707692333653581e-08
1.085545559476954333e-08
1.085353052885271821e-08
1.085034429998248539e-08
1.084489388257394627e-08
1.083532608322206945e-08
1.081831537965848982e-08
1.078860683180039642e-08
1.074196733884845872e-08
1.067994707409288356e-08
1.059546527535940228e-08
1.055400286593561282e-08
1.049895872985970007e-08
1.048578926734732596e-08
1.047943400454746027e-08
1.047490718393444159e-08
1.047191269310652298e-08
1.046936228778955088e-08
1.046724610147316505e-08
1.046535516513947610e-08
1.046253416821909009e-08
1.045856938756689597e-08
1.045251630558037948e-08
1.044399883981845838e-08
1.043692237850577581e-08
1.043451930647149824e-08
1.043152723219855149e-08
1.043047016826803724e-08
1.042988391562543430e-08
1.042952145784404811e-08
1.042911211822465794e-08
1.042843919634611677e-08
1.042731027275615899e-08
1.042543197122738045e-08
1.042241058661190723e-08
1.041787745205301350e-08
1.041370746494691712e-08
1.041162924201900010e-08
1.040964792754933186e-08
1.040851787979847525e-08
1.040690179704902517e-08
1.040586081636017102e-08
1.040551330174192263e-08
1.040521800498202565e-08
1.040473254189561140e-08
1.040393228674424868e-08
1.040264099533265684e-08
1.040058669277314027e-08
1.039718251653531629e-08
1.039122347197073379e-08
1.038050028699400263e-08
1.036113883854016504e-08
1.032692761749494656e-08
1.027071856504582993e-08
1.019732452967265714e-08
1.016252540710011207e-08
1.010726216381983467e-08
1.006238812563315656e-08
1.003723263607552085e-08
1.001326405474453332e-08
1.000558542894778003e-08
9.996189662639047498e-09
9.992251121093678073e-09
9.986972148667851018e-09
9.983816884026991625e-09
9.980702649325345386e-09
9.977493179992230442e-09
9.973510318079585646e-09
9.969442328182554838e-09
9.965358321010369652e-09
9.961730486192114169e-09
9.958561553562886997e-09
9.955323290995058036e-09
9.950748115153402889e-09
9.947305418878406699e-09
9.942139012453455843e-09
9.935940970329795563e-09
9.931664252189234944e-09
9.925197298158667398e-09
9.916502837339669759e-09
9.904565126129181720e-09
9.888667402452630152e-09
9.860974736570425779e-09
9.846578791528557307e-09
9.820517595302392475e-09
9.775023371219429182e-09
9.704886724584754263e-09
9.654954102719910168e-09
9.598151136933484823e-09
9.573235493539871340e-09
9.540233291321528377e-09
9.495144661478392226e-09
9.454560005488172626e-09
9.430681569933276419e-09
9.395554913603460592e-09
9.346975830522610386e-09
9.317640761470293446e-09
9.283102993436155629e-09
9.268263646080645718e-09
9.246189352726200870e-09
9.223241308981462663e-09
9.205151344832367606e-09
9.182026286814427578e-09
9.149397927038369509e-09
9.115771436843547904e-09
9.099243586569626754e-09
9.072895996794631633e-09
9.041075977961055469e-09
9.017081980335826002e-09
8.985193113084714565e-09
8.941824288719670332e-09
8.889945849484518222e-09
8.869789702367300070e-09
8.842486976216701620e-09
8.826095355633866478e-09
8.806618865445173452e-09
8.787546334258226020e-09
8.764019605567609986e-09
8.753912275303798539e-09
8.744663267566311141e-09
8.734400573095233550e-09
8.723108629993671218e-09
8.712156543189307477e-09
8.703640574974948547e-09
8.698399074110050218e-09
8.693753620710950658e-09
8.688500469939613496e-09
8.683179141774616007e-09
8.675205779030557235e-09
8.667310937283391605e-09
8.664920733884596537e-09
8.661120149602438816e-09
8.656733170254135532e-09
8.655534922546613023e-09
8.654176409120457949e-09
8.653104236133151595e-09
8.652292851365581088e-09
8.651412029903707238e-09
8.650824096808342816e-09
8.650184703950100775e-09
8.649355395200462529e-09
8.648336117109761480e-09
8.647277094441374666e-09
8.646370761384801125e-09
8.645572869750924463e-09
8.644502789769326934e-09
8.642739896385685440e-09
8.639782200224483581e-09
8.634961434819641965e-09
8.628072654561261236e-09
8.621273338269040545e-09
8.618480680630934835e-09
8.615124618268817920e-09
8.613280206164101038e-09
8.611305500638288880e-09
8.609412714549511800e-09
8.608016051128009037e-09
8.607120784667497002e-09
8.605932242596626161e-09
8.604031393241182225e-09
8.600992082797336082e-09
8.597097298738535075e-09
8.594488906808946543e-09
8.590359486837653881e-09
8.585837977574314251e-09
8.580963565335213877e-09
8.576096531966740026e-09
8.568859245688125314e-09
8.557858693770771698e-09
8.545021953849848424e-09
8.536752578580003682e-09
8.529415581589776883e-09
8.518540277068883264e-09
8.503869570602223745e-09
8.487916329046537629e-09
8.466554618716146819e-09
8.453532269625605901e-09
8.434873990243092294e-09
8.421389192421265106e-09
8.401570701631407157e-09
8.390344730529299203e-09
8.378106187544820323e-09
8.367720081415032722e-09
8.361929769559035290e-09
8.356557027243740462e-09
8.354002600626631398e-09
8.350037511519460182e-09
8.344322167748391974e-09
8.337609675764502674e-09
8.328792845938277481e-09
8.317675988957454528e-09
8.304131700671626061e-09
8.295666587014624172e-09
8.282999543305937803e-09
8.267723393843191626e-09
8.252831902128375950e-09
8.231308578890519668e-09
8.207730334479557904e-09
8.188060908032204813e-09
8.158903996039227259e-09
8.147439383227746297e-09
8.130733211071026151e-09
8.107871836910343483e-09
8.087738508032688444e-09
8.069768344803180138e-09
8.048117810686025221e-09
8.037235057122555218e-09
8.024886437395795806e-09
8.007974320069775392e-09
7.993392952486358873e-09
7.984015636392478320e-09
7.975835893720390934e-09
7.965971234906116001e-09
7.955370123204516841e-09
7.945647061315072719e-09
7.934928798878993303e-09
7.927016528704383948e-09
7.923633449419635327e-09
7.918897400888074362e-09
7.915822047122892019e-09
7.913672839497772190e-09
7.910485901139729549e-09
7.905969057243240797e-09
7.899591326364572169e-09
7.892253437993019473e-09
7.884992788909089706e-09
7.877986446849969784e-09
7.872485868865236393e-09
7.869596931347088826e-09
7.865370463125780792e-09
7.858868709637437242e-09
7.850181036769288909e-09
7.844533914748301520e-09
7.838069792357606710e-09
7.832204060547363396e-09
7.823696662036293045e-09
7.813184685539927860e-09
7.808141847675047645e-09
7.804465276316719933e-09
7.801497432716094610e-09
7.798322051876891673e-09
7.795025059102618257e-09
7.792272397806836854e-09
7.789999302783150467e-09
7.787371526756364416e-09
7.784475178921363119e-09
7.781352259001304267e-09
7.777956941349640200e-09
7.775698507135929441e-09
7.772770644533378432e-09
7.770283698831014000e-09
7.767278042531653720e-09
7.763729339935307845e-09
7.759383629555861478e-09
7.755355663653675469e-09
7.751295915960115158e-09
7.747778137903941579e-09
7.744728290217899666e-09
7.739825699512492022e-09
7.732690289190636394e-09
7.726498108643305305e-09
7.723052091295455132e-09
7.718862141105361017e-09
7.716313752110757465e-09
7.714423242265909791e-09
7.713027405845754653e-09
7.712224689063246571e-09
7.711465565271624233e-09
7.710661904003297855e-09
7.709535240519051829e-09
7.707683946232559185e-09
7.704758836681633015e-09
7.700966266722710684e-09
7.698395441094973887e-09
7.696421407435061871e-09
7.695164887910950602e-09
7.693136748212594597e-09
7.689772203540304781e-09
7.684288427859785949e-09
7.676446497413456288e-09
7.667784361465023873e-09
7.654511552424013439e-09
7.646865774964047814e-09
7.634299752856434480e-09
7.622860461377423494e-09
7.617962111500173225e-09
7.611124426053128141e-09
7.606501393156913234e-09
7.605655354141712087e-09
7.604163330455363008e-09
7.601820595296098380e-09
7.600334044582286284e-09
7.599824464989865653e-09
7.599282798247973464e-09
7.598576457030367405e-09
7.598005804518235674e-09
7.597497273074789481e-09
7.597122295731352060e-09
7.596892281111091372e-09
7.596654970372510693e-09
7.596317753023552133e-09
7.595794901248481689e-09
7.594934611950338044e-09
7.593476903913550677e-09
7.591020636808617329e-09
7.587062660960783019e-09
7.581250207246795878e-09
7.577716241474120192e-09
7.571612611712198025e-09
7.561402259532133931e-09
7.545987849547688183e-09
7.536075029898298850e-09
7.522037554934723638e-09
7.511920549129137652e-09
7.496656785795178742e-09
7.479938109194721246e-09
7.471204393060767122e-09
7.465274638089358575e-09
7.455957119515186092e-09
7.443203813698776486e-09
7.425600515656710681e-09
7.402274999887703470e-09
7.366953935506915650e-09
7.341729217398065208e-09
7.307959937237949432e-09
7.274519055375477390e-09
7.252298013228668630e-09
7.227781955328256036e-09
7.194871282150092951e-09
7.167522318197101615e-09
7.131580510301872837e-09
7.109738682727457061e-09
7.076842889460009039e-09
7.033031744289733383e-09
6.982481478272187660e-09
6.929548835182434894e-09
6.887673784969722568e-09
6.864249494550376542e-09
6.847341862683815277e-09
6.824923717266192135e-09
6.796360394533271706e-09
6.772362622227641703e-09
6.745537101941091142e-09
6.725646870773979404e-09
6.709993036204943951e-09
6.691972512505302410e-09
6.677375763639934342e-09
6.657480078910736303e-09
6.636007129167621338e-09
6.613797598485521336e-09
6.586580787671181573e-09
6.553337145226159488e-09
6.524425600139698628e-09
6.500082507098044411e-09
6.485836766746344509e-09
6.474395940789532733e-09
6.460397727371968781e-09
6.446499451952967482e-09
6.433589830481478857e-09
6.421766257981753060e-09
6.407667068926066900e-09
6.386451158413362330e-09
6.359784510759818502e-09
6.330663503096879028e-09
6.314000285289929949e-09
6.287465662561391758e-09
6.252558103697100684e-09
6.233551556992865706e-09
6.222951657526325326e-09
6.210615529102217398e-09
6.195184859238855120e-09
6.177822600767198102e-09
6.159572794802821443e-09
6.135904373131590102e-09
6.110467536949213243e-09
6.090331598859746510e-09
6.062323339681522849e-09
6.035724935036347639e-09
6.012568098360256157e-09
5.993761799813395442e-09
5.981858622890208263e-09
5.965669848998379498e-09
5.947400042932541935e-09
5.930347991489428276e-09
5.917227307737297538e-09
5.908392511867885408e-09
5.900094168408760729e-09
5.892148044513862691e-09
5.887850702584597692e-09
5.883823185250230487e-09
5.879656930714074122e-09
5.874551886391917668e-09
5.869577631869359839e-09
5.865176019581829862e-09
5.862190472526474933e-09
5.860009954289526939e-09
5.858251888394039235e-09
5.857196768492404069e-09
5.856544183205434611e-09
5.855794487538673262e-09
5.854652225132752281e-09
5.852844827886754575e-09
5.850097046430888313e-09
5.846758274877870556e-09
5.844256156977197177e-09
5.841317492660176075e-09
5.838991136630158857e-09
5.837324663919002593e-09
5.835941293823774492e-09
5.834826202881374301e-09
5.833790086406702357e-09
5.832613051930015777e-09
5.830786929264751886e-09
5.827916298358842161e-09
5.823703165175622020e-09
5.819909457591362645e-09
5.815713293975723202e-09
5.812964161587103662e-09
5.810635925508630928e-09
5.809462425142488337e-09
5.807750530702286279e-09
5.805861609306172880e-09
5.803497525440268644e-09
5.799946178379067167e-09
5.795067241690693516e-09
5.793739169218060911e-09
5.791576653539680933e-09
5.788135335453358496e-09
5.783694016257076002e-09
5.781984767460593440e-09
5.779322892814781169e-09
5.775368567298674745e-09
5.770677615515589530e-09
5.768477515065970665e-09
5.765957588542160374e-09
5.762951523159260826e-09
5.758333041821018892e-09
5.753371112855455742e-09
5.748648989759460680e-09
5.746299391769119580e-09
5.742686329070436902e-09
5.737905038152039966e-09
5.732609973376962564e-09
5.729556894240994926e-09
5.724840612817808417e-09
5.718395060767350989e-09
5.709644200802415898e-09
5.704564279037507565e-09
5.697694800444683486e-09
5.693689572921437686e-09
5.687704815678248562e-09
5.681789353563205270e-09
5.675533874130183747e-09
5.667321024218793822e-09
5.658555847596764322e-09
5.656180606098655406e-09
5.653329132697073269e-09
5.649374870216042913e-09
5.645676465548760468e-09
5.643570150387151369e-09
5.641976557524915931e-09
5.639947554903990920e-09
5.637388356541306235e-09
5.635082714952483583e-09
5.633611584653177931e-09
5.632071882800714100e-09
5.629998220497428089e-09
5.627986039606502593e-09
5.626185588740780459e-09
5.623667069763056446e-09
5.620923189996952674e-09
5.617402576361338752e-09
5.612006742488657964e-09
5.606110438177864715e-09
5.602074220367420861e-09
5.597132420422528109e-09
5.593067686948760934e-09
5.590881984620400286e-09
5.588112681586309899e-09
5.585920998747283754e-09
5.583637314331073614e-09
5.582328437990139475e-09
5.580439103406708960e-09
5.577794433463535624e-09
5.575885613601018664e-09
5.575017428977336316e-09
5.573708505308278259e-09
5.571826565171564788e-09
5.569826190120453806e-09
5.568697815830435877e-09
5.567588721626643114e-09
5.565952610236468232e-09
5.563412033361907753e-09
5.559982504260947993e-09
5.556461411983235762e-09
5.552986903518701541e-09
5.549032049103920256e-09
5.546756364303898380e-09
5.545118011963600632e-09
5.543285376572242837e-09
5.541501758795188200e-09
5.540066675504061173e-09
5.538728384016119640e-09
5.537291360210383745e-09
5.535499090142200663e-09
5.533341586077476130e-09
5.530795581675958627e-09
5.527171446743251478e-09
5.523506348916697139e-09
5.521566062824683876e-09
5.519444923279952814e-09
5.516500473448108123e-09
5.513300720284799814e-09
5.510184725546291529e-09
5.506646558045975003e-09
5.503824553796949602e-09
5.500135416339608599e-09
5.497072244154682102e-09
5.493615784954993557e-09
5.489819789179011317e-09
5.485441312489745687e-09
5.479701845945609982e-09
5.473343265898389706e-09
5.465676345332712146e-09
5.457559762311425617e-09
5.449672363537927196e-09
5.441833614385775887e-09
5.435270216073865118e-09
5.426328766174890528e-09
5.414268392904448082e-09
5.397554064076416917e-09
5.375525355796571243e-09
5.366090101722862178e-09
5.351300438329373316e-09
5.335438032649266402e-09
5.310167004214467386e-09
5.276499226128794124e-09
5.249889614467357719e-09
5.234679914885613014e-09
5.225341622402125726e-09
5.212342184049028425e-09
5.200881724454051351e-09
5.187747030649862665e-09
5.173543846669356323e-09
5.157314010771553673e-09
5.135118872966548103e-09
5.117016264413172002e-09
5.100335099024751863e-09
5.090298693952641866e-09
5.075535399339592454e-09
5.051834834536069185e-09
5.018415094845255904e-09
4.979545856760483200e-09
4.941430945824902079e-09
4.920558703752202735e-09
4.888948209910329326e-09
4.851218048385911638e-09
4.811130168129376378e-09
4.793106247457257808e-09
4.767996050231245431e-09
4.736749624602400429e-09
4.699687421893801905e-09
4.673187386133102095e-09
4.646184185341371759e-09
4.635790918771162132e-09
4.619965228629037647e-09
4.600949697101432396e-09
4.591871493591589687e-09
4.577638597429897199e-09
4.556334551654323511e-09
4.528940469565522661e-09
4.508250537529283832e-09
4.478071846107679496e-09
4.441266425263241137e-09
4.424542597982219978e-09
4.401742814093613503e-09
4.373705705266938196e-09
4.340149205155293880e-09
4.316089801544947637e-09
4.291094216657900912e-09
4.275539320814309448e-09
4.256254144027049709e-09
4.239972499533272191e-09
4.219878273466852559e-09
4.197835219871505617e-09
4.184317671769694649e-09
4.176350734369855488e-09
4.167927052805283361e-09
4.167221914634949850e-09
4.161128621531000613e-09
4.151317784613090455e-09
4.141886334088793930e-09
4.131476092066813786e-09
4.115100404150642294e-09
4.089238076654541180e-09
4.057694200437553698e-09
4.036471611043472788e-09
4.007260581016988550e-09
3.981840692485163592e-09
3.961641566274363368e-09
3.951735570300452015e-09
3.937806426579544568e-09
3.920937694545985456e-09
3.904592064729084756e-09
3.883774161425090792e-09
3.868601651391297285e-09
3.852347032868161551e-09
3.842898518570275862e-09
3.833999464775220483e-09
3.827579483919350374e-09
3.820248004765877303e-09
3.809634362964740002e-09
3.798294605719373193e-09
3.790956125177424774e-09
3.782486425825419061e-09
3.774564303089602272e-09
3.770112967338231345e-09
3.765023641827038046e-09
3.757473432589163856e-09
3.744969406446230051e-09
3.725580353719189301e-09
3.701784717632992843e-09
3.698291062632105483e-09
3.671374480994510163e-09
3.654185822828721705e-09
3.637283069944470024e-09
3.626139583588831285e-09
3.618893342163029419e-09
3.614430727540698198e-09
3.609416853693991292e-09
3.603644368726503339e-09
3.596849748321858124e-09
3.587591818220578017e-09
3.573775624333755533e-09
3.557519100340034157e-09
3.545147144944271503e-09
3.541379313860440808e-09
3.535439647309441860e-09
3.529424371356088402e-09
3.527090693496382476e-09
3.525312412440841948e-09
3.523557368891300718e-09
3.521990830970576436e-09
3.520193779393847326e-09
3.517896976539613788e-09
3.516153002430120803e-09
3.514171450423993882e-09
3.512257816165614440e-09
3.509991873212512712e-09
3.507684227007035192e-09
3.504648822369556065e-09
3.500017636296144031e-09
3.493128140267012557e-09
3.484333026639618628e-09
3.478014650106966758e-09
3.473117959250256839e-09
3.470506079541297490e-09
3.468982271880101842e-09
3.467614967530534787e-09
3.466240191938082970e-09
3.464373901878369286e-09
3.462746161582549247e-09
3.462151378132314714e-09
3.461815690466668393e-09
3.461564646653774857e-09
3.461286912215961682e-09
3.460868855693690029e-09
3.460173155754191175e-09
3.458975421108324258e-09
3.456919860269804693e-09
3.453574955422620166e-09
3.448923115622430289e-09
3.445507929189952064e-09
3.443093916919286201e-09
3.442738374556422270e-09
3.442301179296522880e-09
3.442112197234917704e-09
3.441945022723149543e-09
3.441675549169898073e-09
3.441249080918491342e-09
3.440553741706269484e-09
3.439369871897351656e-09
3.437335031613607308e-09
3.433994470878539333e-09
3.429398460089883856e-09
3.426919973450860681e-09
3.426512886202857011e-09
3.425775098972541406e-09
3.424568002839716499e-09
3.423155471620747788e-09
3.422355834220872702e-09
3.420957752479395975e-09
3.418569059297435867e-09
3.415477957924640123e-09
3.413736613872878070e-09
3.412497557353259276e-09
3.411950652391626261e-09
3.411684622399930393e-09
3.411404671739617848e-09
3.410946979696049053e-09
3.410294248706431309e-09
3.409811047902584046e-09
3.409274861168428901e-09
3.408429325946261717e-09
3.407173835244901042e-09
3.405576266437051726e-09
3.403046145798052937e-09
3.399136854249804322e-09
3.393595991617037667e-09
3.387637821692519797e-09
3.380228798958947756e-09
3.373818273672351652e-09
3.370768942962294832e-09
3.368920317090329498e-09
3.367907456821550288e-09
3.367038261755292243e-09
3.366298789734966404e-09
3.365329021763988482e-09
3.364561185852296315e-09
3.363536439747302538e-09
3.362305138666563351e-09
3.360381177338538330e-09
3.357562283106624398e-09
3.356430439766992791e-09
3.354492721735830846e-09
3.351525608465359512e-09
3.349236234441541609e-09
3.348195718012937673e-09
3.347404626151559972e-09
3.346227626781397970e-09
3.344422755152592371e-09
3.342284048852560087e-09
3.340359547563234786e-09
3.337397213690282931e-09
3.335124578307316830e-09
3.334729181193730180e-09
3.334072506301838084e-09
3.333192154943619296e-09
3.332619337669683293e-09
3.332039120530943053e-09
3.331377840257571244e-09
3.330424943219197361e-09
3.329191594236084156e-09
3.327217847475360554e-09
3.324025406592182318e-09
3.319092528947966325e-09
3.314006534029479107e-09
3.306380006819029138e-09
3.294167581731442033e-09
3.276898099057435902e-09
3.250298283079968986e-09
3.222323723431694140e-09
3.201147467922372889e-09
3.184357874291465726e-09
3.175290121769971109e-09
3.161800135910193421e-09
3.145079029415922477e-09
3.135042450794440305e-09
3.119730040035823240e-09
3.099145512834661984e-09
3.091192121453762778e-09
3.078922183528865140e-09
3.067843544552476262e-09
3.063143377830657626e-09
3.055853093707180585e-09
3.045785863271659225e-09
3.037163887908796053e-09
3.026805265940169467e-09
3.015884423466768101e-09
3.007755454248133853e-09
3.004096160520579763e-09
2.999924280467030058e-09
2.996610141641868583e-09
2.993647026066835288e-09
2.991327629068405038e-09
2.989981173959357997e-09
2.988455769735320209e-09
2.987569089946486928e-09
2.986562119659701626e-09
2.985207756677395621e-09
2.983359281787103471e-09
2.980988267924150143e-09
2.978686662849392147e-09
2.976187946894689953e-09
2.974027023312893796e-09
2.970811612664893800e-09
2.966363750728694459e-09
2.962206229158218624e-09
2.957194979596409124e-09
2.953255196748993989e-09
2.948227441252985929e-09
2.946420105095942402e-09
2.943277382027104636e-09
2.938062173075819858e-09
2.930354107827964152e-09
2.921280129734830740e-09
2.910587660698737139e-09
2.902364269754783643e-09
2.890809076615827412e-09
2.877898643274523804e-09
2.863573578977331887e-09
2.846537643649587665e-09
2.829664673801019661e-09
2.808940255717838936e-09
2.786155434502807641e-09
2.777914186226441158e-09
2.763674121300638923e-09
2.743529667709717948e-09
2.732005303452679287e-09
2.726655206300467523e-09
2.719980211474326869e-09
2.714348563056986611e-09
2.712485436520108613e-09
2.709659440388387680e-09
2.707307017692905789e-09
2.706088888668118370e-09
2.704975764654111485e-09
2.703719998213751285e-09
2.703066774296067705e-09
2.702104539514857708e-09
2.700708222582142514e-09
2.698703940794047450e-09
2.696004410461396585e-09
2.692539496726222348e-09
2.688431323595733523e-09
2.684078543784828802e-09
2.679378321676740046e-09
2.673564295818897457e-09
2.667366090826817291e-09
2.660947931837495373e-09
2.654543515860395905e-09
2.650046064440354114e-09
2.647145792231040080e-09
2.643972274698796885e-09
2.640053299090602200e-09
2.637024470993823506e-09
2.634189614622971512e-09
2.633064360270899571e-09
2.631509842998766558e-09
2.629293193913813412e-09
2.627088910091577349e-09
2.626162822239510969e-09
2.625567248042617716e-09
2.625107259421319375e-09
2.624453921116970993e-09
2.623737231786238367e-09
2.623102803969002658e-09
2.622547216889248577e-09
2.622053756700002503e-09
2.621393270691584690e-09
2.620319283673914422e-09
2.618600442246859872e-09
2.616149205620660893e-09
2.614092777436659919e-09
2.612699099529672969e-09
2.612026388726193941e-09
2.611817889415281837e-09
2.611489678690878182e-09
2.610981770100830669e-09
2.610212350871473808e-09
2.609014683111054855e-09
2.607128715785845193e-09
2.604178926041661168e-09
2.600089936749622739e-09
2.597460782948473303e-09
2.594969320158246325e-09
2.593496952352170840e-09
2.592014514553609065e-09
2.589948226348263027e-09
2.588220316708693590e-09
2.586543521100874420e-09
2.585117460136047759e-09
2.583923126824688125e-09
2.582978946829940921e-09
2.582357838004603021e-09
2.581844577350717495e-09
2.581304289756299410e-09
2.580584153298825105e-09
2.580094926465624095e-09
2.579613052646399438e-09
2.579275438431580942e-09
2.579011006177044924e-09
2.578732453680672693e-09
2.578492007881195798e-09
2.578272357900861069e-09
2.578041914362558772e-09
2.577810135526024102e-09
2.577606431422692931e-09
2.577371332930621597e-09
2.577206833926187733e-09
2.576943554199478810e-09
2.576623701924658291e-09
2.576422048311958786e-09
2.576110031898817538e-09
2.575736625851139278e-09
2.575520581288372592e-09
2.575298891315479191e-09
2.575036090055077807e-09
2.574662036404479006e-09
2.574148079084179515e-09
2.573823578844725160e-09
2.573288148887936464e-09
2.572413502149797011e-09
2.571151017834932246e-09
2.569979039533766384e-09
2.569306140341288374e-09
2.568340403600471914e-09
2.566822631082085380e-09
2.564603358604472368e-09
2.562285167386481124e-09
2.559507192071685506e-09
2.554929512923394502e-09
2.549416464394180717e-09
2.543267682106498615e-09
2.539220438175930411e-09
2.533453882374165202e-09
2.524591553138622625e-09
2.517062789702822349e-09
2.506534422120958372e-09
2.490928123251070547e-09
2.470349349950688511e-09
2.457608732400154383e-09
2.439848660008855210e-09
2.430280029644026067e-09
2.421335252551304152e-09
2.410722811043431299e-09
2.401905827709279078e-09
2.388718629901041794e-09
2.370613731001756063e-09
2.350356468450277050e-09
2.336335303512054167e-09
2.333123220211044563e-09
2.327437311758044375e-09
2.318323031658524392e-09
2.314772541671011133e-09
2.309694964992749559e-09
2.306044118409976242e-09
2.301050644837839005e-09
2.295459265225549183e-09
2.288179071780943067e-09
2.283957077055450287e-09
2.278144852742375096e-09
2.274405065150726417e-09
2.269773043293601597e-09
2.265737161839428245e-09
2.261022990785108135e-09
2.256870604036292390e-09
2.253446420711385755e-09
2.251200349037201833e-09
2.249708789742919572e-09
2.248012669035793278e-09
2.246775603840333867e-09
2.244902937466674008e-09
2.242523440865127365e-09
2.241824340284230753e-09
2.241038529573364450e-09
2.240496365925677254e-09
2.240018968635183471e-09
2.239365898349566878e-09
2.238853723163195329e-09
2.238382685615206633e-09
2.237918497558242654e-09
2.237312954732495200e-09
2.236438790606470596e-09
2.235329511266953731e-09
2.234121914372705602e-09
2.232823987124786302e-09
2.231296760707797335e-09
2.229827292696975307e-09
2.228960152663441098e-09
2.228497111596988036e-09
2.228290582325097234e-09
2.228146796227133911e-09
2.228006412726717732e-09
2.227874828215428025e-09
2.227732971898990290e-09
2.227504728082778342e-09
2.227133199070339286e-09
2.226554524697774388e-09
2.225766509583346459e-09
2.225033225915675199e-09
2.224236857394894580e-09
2.223695334456502721e-09
2.223356264559720164e-09
2.223060929051224437e-09
2.222772193635990465e-09
2.222516099686202304e-09
2.222296926136041085e-09
2.222051327265475853e-09
2.221675399986136769e-09
2.221206007393054929e-09
2.220653320434571000e-09
2.219851714807475605e-09
2.219086446361522558e-09
2.218400548430788210e-09
2.217740114407570382e-09
2.216853443934777687e-09
2.215797130839389772e-09
2.214867921185824684e-09
2.213950724511269035e-09
2.212645075047840701e-09
2.211249488219791716e-09
2.209439328879259488e-09
2.206704426581654122e-09
2.202709664279600332e-09
2.196566147439997194e-09
2.189211950486190225e-09
2.187302474882480846e-09
2.184419490403574590e-09
2.181166125288960897e-09
2.179963657697809278e-09
2.178639416120000291e-09
2.176708288550600954e-09
2.174611812550735287e-09
2.173706592398721870e-09
2.172602713472768909e-09
2.171385571797694461e-09
2.170165831314284525e-09
2.169292906685996414e-09
2.168168197174512550e-09
2.166518040206764998e-09
2.164153774856830112e-09
2.161210019941619569e-09
2.158068076477402456e-09
2.154368585459378144e-09
2.151323166760825064e-09
2.150661940004807215e-09
2.149591150358402235e-09
2.148249723744269329e-09
2.147703457326709884e-09
2.147345184100457202e-09
2.147064140425574565e-09
2.146959870832916115e-09
2.146860702752404594e-09
2.146782224097138762e-09
2.146701560762984740e-09
2.146639088895896505e-09
2.146589404528566054e-09
2.146532082317489786e-09
2.146443160455199453e-09
2.146293835729850676e-09
2.146037719987201801e-09
2.145608532927028088e-09
2.144931603036902266e-09
2.143987928818560925e-09
2.142845688542403463e-09
2.141132201793990870e-09
2.139426644099578923e-09
2.138403725661661696e-09
2.137360290985779673e-09
2.135976633112534215e-09
2.135178650101813988e-09
2.133855230840437796e-09
2.131769367431772795e-09
2.128726849555462570e-09
2.127191597849749029e-09
2.124953118418949342e-09
2.122475160512227296e-09
2.119872059560966152e-09
2.118058256639709175e-09
2.115872702064752914e-09
2.112768064305563159e-09
2.108515181267194488e-09
2.104374870537807010e-09
2.098850907839922640e-09
2.092650058192033470e-09
2.089067083177604732e-09
2.087353842824937988e-09
2.084700802975575763e-09
2.081139810145764830e-09
2.077372661005154822e-09
2.074960515980609337e-09
2.071131117281975174e-09
2.066080704210425191e-09
2.063482524145795780e-09
2.059690061701356464e-09
2.055796922338738002e-09
2.051979170291498453e-09
2.046976385249629691e-09
2.041463193807301887e-09
2.034317112200488417e-09
2.030722463483839473e-09
2.026180920913351833e-09
2.020538781903714488e-09
2.016304781003622321e-09
2.012873821795053435e-09
2.010020951097910981e-09
2.008199044960314292e-09
2.007495520006063486e-09
2.006277376159885698e-09
2.004189952236445191e-09
2.001029497376673524e-09
1.997715062124926823e-09
1.995622364725465238e-09
1.994514588536606599e-09
1.992956478132344202e-09
1.991463620252618543e-09
1.989925592954275530e-09
1.988307908630919025e-09
1.986139644802138293e-09
1.985048150945331488e-09
1.983452603259407402e-09
1.981577823802112839e-09
1.980062058495870863e-09
1.979227415884571812e-09
1.978346184915073534e-09
1.977570089194425773e-09
1.976933662577103827e-09
1.976203381876493157e-09
1.975704285406811636e-09
1.975299742887393117e-09
1.974913179312082955e-09
1.974430233225437942e-09
1.973842962092854458e-09
1.973212901059528354e-09
1.972542500833278448e-09
1.971691107521293763e-09
1.971152005473459881e-09
1.970413854100802904e-09
1.969738300696542468e-09
1.969156322319838778e-09
1.968440665783001561e-09
1.967442389832108886e-09
1.966635250487118266e-09
1.966134755215693030e-09
1.965655627509894967e-09
1.965138726083533506e-09
1.964485976951881202e-09
1.963828260727941618e-09
1.962832348253685095e-09
1.961456907759205827e-09
1.960157655749140236e-09
1.959410460991840365e-09
1.958172723237355571e-09
1.956126046701837263e-09
1.953292935467524890e-09
1.951818403335757085e-09
1.951175489349222940e-09
1.950129015067926027e-09
1.948773399336560545e-09
1.948142048630406545e-09
1.947324223310145235e-09
1.946293543995171060e-09
1.944753197407995757e-09
1.942677464006430285e-09
1.941013305418099102e-09
1.940218982054592721e-09
1.940093392032216163e-09
1.939862198933529517e-09
1.939464636503213727e-09
1.938938152071755896e-09
1.938653632298854408e-09
1.938317329451447607e-09
1.937779632836014898e-09
1.937054718095407934e-09
1.936556950570644235e-09
1.936216952222426290e-09
1.935955901715565082e-09
1.935755708475334967e-09
1.935489505387150378e-09
1.935056598597941980e-09
1.934395176475485457e-09
1.933590200013225999e-09
1.933197139214256154e-09
1.932590416809697607e-09
1.931839826925522369e-09
1.931288463844613087e-09
1.930945076435041645e-09
1.930645818961368178e-09
1.930360026151130130e-09
1.930004400321328143e-09
1.929657836668777438e-09
1.929202229420171335e-09
1.928641469904731338e-09
1.928049035195171320e-09
1.927579145353414874e-09
1.926896619370971612e-09
1.926066484414800017e-09
1.925449115633553856e-09
1.925136519791603053e-09
1.924762199660057056e-09
1.924195251326986888e-09
1.923361094268843354e-09
1.922285332141942907e-09
