-1.823346426893371675e+00
9.865911358481017635e-01
1.002110827146002470e-01
7.971931406158754008e-03
6.698434430783190875e-04
-1.215305497379660787e-01
-5.602827353647491827e-03
-3.356118979037656992e-04
-2.743749832462546445e-01
-2.448990478960353934e-01
-2.644150432523136862e-01
-2.777552792401341009e-01
-1.888142338059307368e-01
-3.387930654185034585e-01
1.121725455063949939e+00
6.026734810995793695e-02
5.893961122259090413e-01
8.064417955049558258e-04
8.261317763813798287e-02
-6.294834263635817884e-02
1.625636160068827385e-02
1.387881620653627912e-01
6.370841851571849845e-02
8.162533532755927856e-02
-1.260160445278453167e-01
-4.537106595488878125e-02
7.283766285375060934e-02
4.587033075375009789e-02
-3.774834254878026152e-02
6.521873905550856776e-01
5.741776852267815173e-02
7.051592038226202341e-02
2.322350689738256896e-02
8.925790081038669985e-03
2.606226199263228429e-03
1.019961575122388053e+00
-5.436189276506488144e-02
4.976982976099745271e-01
2.940128303786126995e-02
1.329208755841668199e-01
1.668649781308464974e-02
-1.796801001276362997e-02
3.980136822416928677e-01
5.571273949304354073e-02
2.407758866669626741e-01
-1.492828295277124628e-01
-9.026973520761205627e-02
5.850001807319701180e-02
3.762711006796949642e-02
-1.035697471961325028e-01
6.501396314659576570e-01
3.537339492589119255e-02
6.213618572041838123e-02
-1.440073119567430830e-02
2.436628013117037982e-03
-2.398702020027481882e-02
8.895180376508586839e-01
-6.075176408913707943e-02
4.633433944986733999e-01
7.790772067828607983e-02
1.353731565770212864e-01
1.768456609308391089e-02
-7.600080218581270475e-02
5.962719966184369946e-01
-3.041627347154836000e-02
3.987466567550808638e-01
-1.111005718550843319e-01
-1.696452400149265904e-01
1.777073127574839428e-02
9.920391632066384233e-03
-1.198507872758117487e-01
5.445331738225943630e-01
5.667323825464751219e-02
-5.880081889323769684e-03
4.775945563270558164e-02
-2.128396114770781181e-02
-2.312322557005413656e-02
7.184402484347309770e-01
9.014276411655249011e-02
3.838157834599171814e-01
-4.615028437176885850e-02
1.002976155213065740e-01
1.858238532536585219e-02
4.570882357412364705e-02
7.589661179530462487e-01
-4.319479806241466324e-02
5.106936561703414590e-01
-2.752017119932232553e-02
-2.146279386961837676e-01
-5.831564374045500321e-02
3.574063115916653599e-02
-1.147690405211685138e-01
5.410847181290906471e-01
7.586862318164608321e-02
-5.577684999245758474e-02
6.998327883054572540e-02
-4.720908817820827774e-03
3.582365377921150219e-03
4.246593737870570928e-01
5.735438936871289223e-02
2.800967701549876843e-01
-1.229469060293617855e-01
-2.697371033115763747e-02
8.781416677235015511e-02
1.583329364843158102e-02
8.593237375818350010e-01
-1.170240502469771515e-01
6.408087567134092000e-01
-1.412113120111563661e-02
-1.454706884701439107e-01
-2.240759951750740178e-02
4.382603521983517714e-02
-9.648701944220748616e-02
5.200323534926810654e-01
1.194500731388958570e-01
-4.967575942214349193e-03
-7.216632450263191050e-03
-2.479072256395156021e-02
5.703971157010919585e-02
3.746553061433510745e-02
-1.310740857501726565e-02
2.240261083207685244e-01
-2.186901796020142286e-01
-3.561105935026772328e-03
-1.259026039755617443e-02
2.439447209435660624e-02
9.593044038245661653e-01
-1.629129739274176314e-01
5.440015132439831591e-01
2.865259739598735242e-02
-1.242128778987398458e-01
-4.790560313532245262e-02
2.880197479730544491e-02
5.966614807932103803e-02
5.840159811597538386e-01
9.448041705893993336e-02
1.270676570245066021e-02
-5.157164934784293914e-02
1.452322894094564866e-02
1.640248533948640910e-02
